0 0.22578125 0.959375 0.0296875 0.040625
0 0.12421875 0.95078125 0.0296875 0.0359375
0 0.421875 0.98046875 0.0375 0.034375
0 0.57109375 0.93203125 0.0265625 0.0359375
0 0.4765625 0.828125 0.028125 0.040625
0 0.53359375 0.7234375 0.0375 0.0390625
0 0.34296875 0.78046875 0.0421875 0.0421875
0 0.5046875 0.628125 0.021875 0.0296875
0 0.90546875 0.72578125 0.028125 0.04375
0 0.79375 0.940625 0.0375 0.0546875
0 0.6265625 0.5921875 0.0265625 0.046875
0 0.4078125 0.50390625 0.015625 0.01875
0 0.2359375 0.48359375 0.01875 0.021875
0 0.72734375 0.59921875 0.015625 0.015625
0 0.75390625 0.48125 0.0140625 0.0265625
0 0.6390625 0.4015625 0.0125 0.015625
0 0.03359375 0.696875 0.0203125 0.03125
0 0.778125 0.36015625 0.009375 0.015625
0 0.815625 0.40625 0.0140625 0.01875