0 0.25078125 0.96015625 0.0265625 0.0390625
0 0.15234375 0.95625 0.0265625 0.034375
0 0.4421875 0.971875 0.034375 0.034375
0 0.58515625 0.915625 0.0234375 0.034375
0 0.4875 0.81953125 0.025 0.0390625
0 0.5375 0.71484375 0.034375 0.0359375
0 0.35546875 0.78046875 0.0390625 0.0390625
0 0.50546875 0.6234375 0.0203125 0.028125
0 0.8984375 0.6984375 0.025 0.040625
0 0.8015625 0.91328125 0.034375 0.0515625
0 0.62109375 0.5828125 0.0234375 0.04375
0 0.40390625 0.50859375 0.0140625 0.0171875
0 0.23671875 0.49765625 0.0171875 0.0203125
0 0.71953125 0.58515625 0.0140625 0.0140625
0 0.7390625 0.46875 0.0125 0.025
0 0.6234375 0.39765625 0.0125 0.0140625
0 0.05078125 0.71484375 0.0171875 0.0296875
0 0.75625 0.35078125 0.009375 0.0140625
0 0.7953125 0.39296875 0.0125 0.0171875