0 0.184375 0.9515625 0.03125 0.0375
0 0.084375 0.93984375 0.03125 0.0375
0 0.3796875 0.97890625 0.0375 0.025
0 0.53203125 0.94453125 0.028125 0.0375
0 0.4421875 0.8359375 0.0296875 0.0421875
0 0.5046875 0.73359375 0.0390625 0.040625
0 0.3109375 0.78203125 0.04375 0.04375
0 0.48203125 0.6375 0.0234375 0.03125
0 0.875 0.75625 0.0296875 0.0453125
0 0.753125 0.965625 0.040625 0.05625
0 0.60390625 0.6078125 0.028125 0.046875
0 0.38984375 0.50859375 0.0171875 0.01875
0 0.2203125 0.47890625 0.0203125 0.0234375
0 0.7046875 0.62109375 0.015625 0.015625
0 0.7375 0.50390625 0.015625 0.0265625
0 0.6265625 0.41875 0.0140625 0.015625
0 0.0078125 0.68046875 0.015625 0.0328125
0 0.7671875 0.38515625 0.0109375 0.015625
0 0.803125 0.43203125 0.0140625 0.01875