0 0.30078125 0.2015625 0.2015625 0.190625
0 0.88984375 0.2640625 0.1703125 0.175
0 0.05625 0.9359375 0.025 0.034375
0 0.44921875 0.96875 0.0203125 0.04375
0 0.16015625 0.88515625 0.0296875 0.0484375
0 0.00390625 0.83203125 0.0078125 0.0203125
0 0.0046875 0.8375 0.009375 0.021875
0 0.25859375 0.87734375 0.0140625 0.0171875
0 0.25390625 0.75703125 0.0140625 0.0265625
0 0.1265625 0.69921875 0.0125 0.0171875
0 0.2484375 0.63671875 0.0125 0.0140625
0 0.29609375 0.67578125 0.0171875 0.0203125
0 0.77265625 0.9484375 0.2453125 0.103125